1
3
3
4
7
8
10
10
11
11
12
12
13
14
14
15
15
16
16
19
19
22
22
23
25
26
26
27
27
27
27
28
28
28
29
31
31
31
31
32
34
34
34
34
34
34
34
35
36
36
37
37
37
37
39
39
40
42
42
42
45
45
46
47
47
48
49
49
50
50
50
50
51
52
52
52
53
54
54
54
55
55
55
55
56
57
58
59
59
60
61
61
63
65
65
65
65
67
68
68
68
69
70
71
71
73
74
75
75
77
77
78
78
78
79
79
81
81
82
83
83
85
87
88
89
89
95
96
98
100
102
103
104
105
108
108
108
109
109
109
111
111
111
112
112
112
113
113
114
114
116
116
117
117
119
121
121
122
124
124
124
125
125
125
127
128
129
130
133
134
135
135
135
136
136
137
139
140
142
143
143
144
144
145
145
149
149
150
150
150
152
154
154
155
155
156
159
162
162
163
167
167
168
168
168
169
169
169
172
172
173
175
175
176
178
179
181
184
185
185
185
185
189
191
194
194
195
196
196
196
198
199
199
201
201
205
205
206
206
206
208
208
209
211
213
214
214
214
214
214
216
216
218
219
219
220
221
222
223
224
225
225
226
226
227
227
229
229
230
231
231
231
232
233
234
238
238
239
243
244
245
245
246
248
249
250
250
252
252
253
253
254
254
254
255
259
260
260
261
262
267
268
271
276
277
278
282
284
285
286
286
287
288
288
289
290
291
291
294
299
300
300
300
300
301
301
305
306
307
308
309
310
310
311
311
317
317
318
322
324
327
327
327
328
329
330
333
334
336
337
338
338
340
340
341
344
344
346
351
352
353
355
357
357
358
359
362
362
364
367
368
369
370
372
372
373
375
376
377
377
378
381
381
382
382
383
385
385
386
386
386
386
387
388
389
389
391
392
393
398
398
400
403
404
405
405
406
407
411
411
412
415
416
423
423
425
426
426
428
428
433
433
434
437
437
437
439
439
441
442
443
444
444
445
447
447
449
449
452
460
460
461
463
465
469
472
472
472
474
478
478
482
485
486
489
491
492
492
493
494
500
501
504
507
509
510
510
511
513
514
523
524
529
530
530
530
534
535
537
553
554
556
558
563
565
567
573
576
576
576
582
585
589
591
592
593
594
597
609
611
612
612
616
616
622
623
624
625
628
629
629
631
632
635
638
641
644
646
654
656
659
661
663
665
665
668
669
678
678
684
687
691
692
692
693
694
697
698
700
701
702
703
705
709
715
720
721
722
724
725
730
730
734
736
737
738
739
741
743
746
747
751
751
751
752
755
757
757
758
762
765
769
771
773
775
778
780
786
790
791
792
794
797
797
797
804
806
806
811
814
815
817
818
818
819
819
821
821
823
824
826
828
828
830
830
830
832
834
836
836
837
838
839
842
842
843
851
854
855
860
860
888
896