0
0
0
0
0
0
0
0
0
0
0
0
0
0
0
0
0
0
0
56
95
98
163
190
207
220
419
531
592
849
927
932
944
980
995
1194
1230
1638
1648
1762
2237
3624
5126
5323
5404
5978
6271
6353
6521
6604
7266
8276
8350
8361
8371
8507
9528
10288
10859
12244
12457
13138
13275
13431
14931
16699
17412
17910
18268
24133
25782
29062
29467
32183
36707
37001
37444
37767
41194
44276
48412
48592
48812
48875
49337
49393
50541
53191
56318
56425
56766
57305
63745
64227
66368
67976
78696
80449
81692
82959
87835
90084
92985
99449
100366
101686
106198
108594
108676
109841
111233
112483
114690
125628
129160
141147
142804
149607
157317
170783
175011
195891
197457
205950
208605
219051
220957
223927
232657
233945
234137
239327
248383
250570
263657
265054
269475
272878
274222
279531
280453
285023
288477
295851
298607
299557
302659
304301
304646
316969
321234
326065
350551
350572
365466
393485
397424
407120
407285
423791
439012
446036
456225
466929
468732
495559
511038
511434
518007
519113
529031
530632
538675
562501
564181
570129
583830
616374
630141
635500
639828
650113
663867
672589
746495
791136
805770
807166
819412
879353
885806
898184
900469
908126
932919
943229
955582
1000485
1005298
1006461
1008504
1010328
1012294
1012872
1017021
1057423
1061925
1094732
1136591
1152722
1156747
1159616
1179038
1205083
1236145
1243742
1308412
1308906
1429363
1511070
1533120
1593583
1601011
1643643
1711226
1716213
1735640
1737622
1833635
1850607
1884785
1905109
2028566
2034934
2037068
2138884
2143148
2147929
2150041
2343330
2398522
2411226
2411242
2423811
2441199
2473774
2476263
2535611
2664110
2695738
2715192
2950144
3048441
3070054
3184316
3216941
3243407
3282773
3311002
3384090
3551340
3811618
3854362
3949352
4073894
4270044
4393946
4449871
4616960
4619936
4744395
4748890
4898377
4959521
4961539
4969054
5055836
5071813
5074638
5155259
5564794
5642516
5683707
6061694
6063411
6261747
6378996
6450280
7059402
7106308
7227600
7307336
7334422
7366341
8187905
8377983
8426506
8590639
8676360
8756125
8866461
8937137
9067194
9102896
9490558
9776355
10062580
10448589
10978135
11469602
11562831
11566038
11765352
11793062
12037172
12928936
13896496
14327154
14525432
14692751
14782576
15100471
15282008
15348114
15572346
15814575
15834903
15962503
16318083
16732165
16926071
16965664
17430184
17803475
17882688
18838676
19812710
19982846
20098107
20206890
20354982
20683022
21745838
21832693
22227957
24717771
25022628
27931921
28158815
28171446
29332361
29547961
29670229
31088946
31379801
31710060
32011689
32229908
32545532
32748865
32771808
35053005
35170756
35482005
35634317
35989808
36041530
36512411
39668274
40539008
40906404
41118484
41469479
41586038
41721815
45424857
45887570
47164633
47175108
48564921
50271410
53210673
53514387
54845727
54982812
55163101
55237547
57105209
60667129
60868878
61534069
61625190
62498810
62945014
66851595
68823960
73210838
73291665
73692619
74206851
74964203
76200092
77516071
77949456
78888387
80693846
81701586
84244020
84808746
85881231
88990513
89822300
92623928
94079447
95606012
95777026
96331655
97555059
98328420
99931545
101144176
101982370
103809240
103982253
104902697
105763994
106581828
108271592
112706826
114631113
117321288
121232192
122569346
125300785
126302316
130948634
132272280
134683378
141424330
143478654
144919361
146303065
149351560
151668594
151918461
151988520
152303875
154001532
154418690
156118314
164495133
165709917
170343223
170482044
171832726
174055482
174391696
175614156
182798225
185585548
191437676
191928657
196233899
196898005
198734612
201847109
206972886
208443439
210528250
211776555
216270178
234127203
237016830
238706189
239073281
241369626
244722049
249595299
254305894
254545100
254804092
258210715
268128997
268548182
272305058
272311207
275040310
277756984
277788906
289680032
297424287
298166645
302386489
302513361
302790952
307500707
313702307
315275816
321714994
322368071
323168687
331036670
331623291
332828882
341763671
348292631
349492211
357250101
361380893
366706194
371092726
372413389
374763191
379462772
384001270
389256337
390368713
397081648
398493848
406939827
408928006
411895437
412577165
412893768
415277388
429167478
434964647
462909773
481530431
483979423
509476852
509580810
511846150
512496174
516544960
519801526
520975092
527829130
528437398
539219315
548124282
554861682
569021436
576417215
580958034
584743102
586762321
618001405
625352642
644266054
659018914
693275704
719188971
724196345
725047016
731462150
745928413
749500441
752714381
755305766
761158278
761392319
764588008
772946383
782565206
821275272
846881441
871729988
874320847
882988795
886701465
910782510
930773812
933853196
949481644
952088663
970551321
973144493
976012904
979138617
980246378
1000866105
1017414595
1062088941
1067471081
1069023872
1077718689
1095454042
1104876936
1128326507
1132227340
1135984385
1165203774
1175233992
1177273605
1179946980
1182646354
1193318507
1194350865
1197394347
1202479729
1203540399
1206710905
1227126578
1228908261
1233370280
1244508938
1249044166
1260740674
1263633155
1264116896
1314072787
1317844586
1328386962
1344849224
1349423987
1373196451
1376986742
1388209704
1394033104
1415187864
1428097882
1441326803
1479019921
1505165592
1514408221
1515430353
1526916712
1539708626
1565581280
1566430646
1634218780
1661456540
1666676910
1720880244
1740083464
1744032459
1772996885
1810550632
1811139255
1826237327
1847160449
1849740900
1852545758
1881607225
1893413523
1912696949
1923547849
1956529915
1959242524
1969566167
2010274478
2045423242
2109772654
2132845304
2139215756
2155742721
2176710973
2190866439
2232563463
2235383474
2241483250
2254483309
2286121322
2325417151
2333865915
2371634989
2423412952
2449451679
2479809995
2519943511
2553936904
2604977373
2621732469
2704755377
2820314287
2841321213
2851038810
2882565873
2941795803
2950128639
2986992425
3010016407
3021745767
3044427941
3086645178
3115875950
3145439834
3153580619
3158813234
3167801557
3175199157
3205654771
3228586830
3517356739
3656505404
3710820504
3780688150
3834999998
3906811676
3943496474
4063822126
4106092251
4172360103
4207920776
4268623899
4282493659
4294830514
4297569304
4421991838
4516151333
4811146896
4833547509
4994436806
5008731827
5030532941
5042277896
5127707441
5172610403
5238378827
5341427093
5671051208
5716448084
6004827513
6116382031
6240327232
6305042403
6405657292
6419504839
6424754535
6491360853
7023048974
7065885960
7138611842
7333182474
7655595474
7776456780
7779495135
7916557128
7999071800
8269781404
9041331681
9124063209
9395611220
9475431443
9902338263
10445772894
10941364558
11293007962
12151910040
12173845333
12237992860
13142613453
13277188876
13605041702
14548203057
14710276317
14982683527
14988279055
15063845153
15152769134
15589068867
16148408016
16192942733
16602004694
16892640451
17007624664
17815037642
21137696950
22304020550
26920652690
27604919441
29922773110
32391085090
45203816763
45904244959
52800228752
54641546075
96642168663