0.1
0.1
0.1
0.1
0.1
0.1
0.2
0.2
0.2
0.2
0.2
0.2
0.2
0.02
0.2
0.02
0.2
0.2
0.2
0.2
0.2
0.2
0.2
0.2
0.04
0.4
0.05
0.05
0.05
0.05
0.5
0.5
0.5
0.5
0.05
0.5
0.5
0.5
0.5
0.5
0.5
0.5
0.25
0.25
0.25
0.25
0.25
0.25
0.25
0.25
0.25
0.025
0.25
0.25
0.025
0.25
0.025
0.25
0.25
0.075
0.125
0.125
0.125
0.125
0.0125
0.125
0.125
0.125
0.0625
0.0625
0.0625
0.015625
0.00390625
0.0037243947858473
0.00065359477124183
0.00088261253309797
0.0136986301369863
0.0196078431372549
0.00315955766192733
0.0392156862745098
0.00411522633744856
0.00423728813559322
0.00423728813559322
0.0425531914893617
0.00510204081632653
0.00510204081632653
0.000536480686695279
0.000649772579597141
0.00684931506849315
0.000715307582260372
0.000722543352601156
0.00819672131147541
0.00847457627118644
0.00847457627118644
0.00847457627118644
0.000859106529209622
0.00975609756097561
0.00980392156862745
0.00980392156862745
0.00980392156862745
0.01020408163265306
0.1111111111111111
0.1111111111111111
0.1111111111111111
0.1111111111111111
0.1111111111111111
0.001152073732718894
0.001201923076923077
0.001221001221001221
0.01282051282051282
0.01282051282051282
0.01282051282051282
0.01282051282051282
0.001392757660167131
0.001392757660167131
0.001402524544179523
0.001402524544179523
0.001440922190201729
0.001445086705202312
0.001451378809869376
0.0001574555188159345
0.001610305958132045
0.01639344262295082
0.01639344262295082
0.01639344262295082
0.01694915254237288
0.01694915254237288
0.01694915254237288
0.01818181818181818
0.001841620626151013
0.001976284584980237
0.002004008016032064
0.002036659877800407
0.02040816326530612
0.02040816326530612
0.02040816326530612
0.02040816326530612
0.02040816326530612
0.0002041649652919559
0.002079002079002079
0.002105263157894737
0.02127659574468085
0.02127659574468085
0.02127659574468085
0.02127659574468085
0.002398081534772182
0.002421307506053269
0.002457002457002457
0.002506265664160401
0.002512562814070352
0.002551020408163265
0.02564102564102564
0.002570694087403599
0.02631578947368421
0.02631578947368421
0.02631578947368421
0.02631578947368421
0.02702702702702703
0.02702702702702703
0.02702702702702703
0.02702702702702703
0.02702702702702703
0.002785515320334262
0.002849002849002849
0.02857142857142857
0.02857142857142857
0.02857142857142857
0.0002994908655286014
0.0003013863773357444
0.003076923076923077
0.0003091190108191654
0.003194888178913738
0.003205128205128205
0.03225806451612903
0.03225806451612903
0.03225806451612903
0.03225806451612903
0.03225806451612903
0.03225806451612903
0.003257328990228013
0.003289473684210526
0.3333333333333333
0.3333333333333333
0.3333333333333333
0.03333333333333333
0.3333333333333333
0.03333333333333333
0.3333333333333333
0.3333333333333333
0.3333333333333333
0.03333333333333333
0.003389830508474576
0.03571428571428571
0.03571428571428571
0.003663003663003663
0.003745318352059925
0.0003816793893129771
0.0003935458480913026
0.003952569169960474
0.004329004329004329
0.004464285714285714
0.004555808656036446
0.004694835680751174
0.004694835680751174
0.004807692307692308
0.0004822763443453099
0.04838709677419355
0.004878048780487805
0.004901960784313725
0.0004950495049504951
0.005128205128205128
0.005128205128205128
0.0005200208008320333
0.005208333333333333
0.0005232862375719519
0.05263157894736842
0.05263157894736842
0.05263157894736842
0.05263157894736842
0.05263157894736842
0.05263157894736842
0.05263157894736842
0.0005288207297726071
0.005319148936170213
0.0005333333333333334
0.005405405405405406
0.0005467468562055768
0.05555555555555555
0.05555555555555555
0.05555555555555555
0.005555555555555556
0.005780346820809248
0.0005803830528148578
0.005847953216374269
0.005917159763313609
0.005952380952380952
0.006024096385542169
0.006060606060606061
0.006097560975609756
0.006172839506172839
0.0006234413965087282
0.006289308176100629
0.006329113924050633
0.0006374501992031873
0.0006385696040868455
0.006472491909385114
0.006493506493506494
0.006493506493506494
0.006493506493506494
0.006535947712418301
0.006578947368421052
0.006622516556291391
0.06666666666666667
0.06666666666666667
0.06666666666666667
0.006711409395973154
0.0006872852233676976
0.006896551724137931
0.006993006993006993
0.006993006993006993
0.007042253521126761
0.0007112375533428165
0.07142857142857142
0.07142857142857142
0.07142857142857142
0.07142857142857142
0.07407407407407407
0.007462686567164179
0.007575757575757576
0.007575757575757576
0.007575757575757576
0.007633587786259542
0.07692307692307693
0.07692307692307693
0.07692307692307693
0.007692307692307693
0.07692307692307693
0.0007739938080495357
0.007751937984496124
0.0007830853563038371
0.007874015748031496
0.008130081300813009
0.0008244023083264633
0.08333333333333333
0.08333333333333333
0.08333333333333333
0.08333333333333333
0.0008424599831508003
0.008771929824561403
0.008771929824561403
0.008928571428571428
0.008928571428571428
0.0008944543828264759
0.0009041591320072332
0.0009057971014492754
0.09090909090909091
0.09090909090909091
0.09090909090909091
0.09090909090909091
0.09090909090909091
0.009174311926605505
0.009191176470588236
0.009259259259259259
0.009404388714733543
0.009433962264150943
0.009615384615384616
0.009708737864077669
0.009900990099009901
0.009900990099009901
0.0009940357852882703
0.0010131712259371835
0.0010277492291880781
0.010309278350515464
0.0010319917440660474
0.010416666666666666
0.010526315789473684
0.010638297872340425
0.10638297872340426
0.0010638297872340426
0.0010787486515641855
0.0010787486515641855
0.0010940919037199124
0.011111111111111112
0.0011123470522803114
0.011194029850746268
0.011235955056179775
0.011494252873563218
0.0011627906976744186
0.011627906976744186
0.011627906976744186
0.011904761904761904
0.011904761904761904
0.011904761904761904
0.012048192771084338
0.012195121951219513
0.0012285012285012285
0.0012642225031605564
0.012987012987012988
0.00013061650992685477
0.013157894736842105
0.013157894736842105
0.0013280212483399733
0.0013774104683195593
0.013888888888888888
0.013888888888888888
0.0014265335235378032
0.14285714285714285
0.14285714285714285
0.14285714285714285
0.14285714285714285
0.14285714285714285
0.14285714285714285
0.14285714285714285
0.14285714285714285
0.14285714285714285
0.014492753623188406
0.014705882352941176
0.014705882352941176
0.0015003750937734434
0.015037593984962405
0.0015082956259426848
0.015384615384615385
0.015384615384615385
0.0015455950540958269
0.0015723270440251573
0.015873015873015872
0.015873015873015872
0.016129032258064516
0.016129032258064516
0.0016142050040355124
0.016233766233766232
0.016260162601626018
0.0016286644951140066
0.0016433853738701725
0.0016474464579901153
0.0016501650165016502
0.16666666666666666
0.16666666666666666
0.16666666666666666
0.016666666666666666
0.16666666666666666
0.16666666666666666
0.16666666666666666
0.16666666666666666
0.16666666666666666
0.0017241379310344827
0.017543859649122806
0.0017761989342806395
0.017857142857142856
0.0018115942028985507
0.18181818181818182
0.0018214936247723133
0.0018656716417910447
0.0018796992481203006
0.018867924528301886
0.018867924528301886
0.0018975332068311196
0.0019157088122605363
0.019230769230769232
0.0019305019305019305
0.0019342359767891683
0.0020408163265306124
0.0020554984583761563
0.020833333333333332
0.020833333333333332
0.00021114864864864866
0.00021630975556997622
0.022222222222222223
0.022222222222222223
0.022222222222222223
0.022222222222222223
0.022222222222222223
0.022222222222222223
0.0022988505747126436
0.023255813953488372
0.023255813953488372
0.023255813953488372
0.0023584905660377358
0.0023734177215189874
0.023809523809523808
0.023809523809523808
0.0024154589371980675
0.0024390243902439024
0.0024813895781637717
0.00025006251562890725
0.0025380710659898475
0.00025793139025019347
0.0025974025974025974
0.0026109660574412533
0.0026109660574412533
0.0026954177897574125
0.0027472527472527475
0.0027472527472527475
0.027777777777777776
0.027777777777777776
0.027777777777777776
0.027777777777777776
0.027972027972027972
0.0028011204481792717
0.00028735632183908046
0.00028901734104046245
0.029411764705882353
0.029411764705882353
0.029411764705882353
0.0029607698001480384
0.0029940119760479044
0.00030826140567200987
0.0031545741324921135
0.0032258064516129032
0.0033222591362126247
0.0033444816053511705
0.0033783783783783786
0.034482758620689655
0.034482758620689655
0.034482758620689655
0.0035087719298245615
0.00035373187124159886
0.0035971223021582736
0.0036101083032490976
0.0036101083032490976
0.037037037037037035
0.037037037037037035
0.037037037037037035
0.037037037037037035
0.038461538461538464
0.038461538461538464
0.038461538461538464
0.038461538461538464
0.038461538461538464
0.038461538461538464
0.038461538461538464
0.038461538461538464
0.0038684719535783366
0.00039231071008238524
0.00040617384240454913
0.041666666666666664
0.041666666666666664
0.041666666666666664
0.041666666666666664
0.041666666666666664
0.041666666666666664
0.043478260869565216
0.0045871559633027525
0.046511627906976744
0.0047169811320754715
0.047619047619047616
0.047619047619047616
0.047619047619047616
0.0048543689320388345
0.0049504950495049506
0.0051813471502590676
0.0055248618784530384
0.058823529411764705
0.058823529411764705
0.058823529411764705
0.058823529411764705
0.058823529411764705
0.0070921985815602835
1.0
1.0
1.0
1.0
1.0
1.0
1.0
1.0
1.0
1.0
1.0
1.0
1.0
1.0
1.0
1.0
1.0
1.0
1.0
1.0
1.0
1.0
1.0
1.0
1.0
1.0
1.0
1.0
1.0518565267697486e-05
2.007991807393426e-05
2.5255714105316327e-05
4.182000669120107e-05
5.951672419950006e-05
7.06519051286218e-06