0
0
0
0
0
0
0
0
0
0
0
0
0
0
0
0
0
0
0
0
0
0
0
0
0
0
0
0
0
0
0
0
0
0
0
0
0
0
0
0
0
0
0
0
0
0
0
0
0
0
0
0
0
0
0
0
0
0
0
0
0
0
0
0
0
0
0
0
0
0
0
0
0
0
0
0
0
0
0
0
0
0
0
0
0
0
0
0
0
0
0
0
0
0
0
0
0
0
0
0
0
0
0
0
0
0
0
0
0
0
0
0
0
0
0
0
0
0
0
0
0
0
0
0
0
0
0
0
0
0
0
0
0
0
0
0
0
0
0
0
0
0
0
0
0
0
0
0
0
0
0
0
0
0
0
0
0
0
0
0
0
0
0
0
0
0
0
0
0
0
0
0
0
0
0
0
0
0
0
0
0
0
0
0
0
0
1
1
1
1
1
1
1
1
1
1
1
1
1
1
1
1
1
1
1
1
1
1
1
1
1
1
1
1
1
1
1
1
1
1
1
1
2
2
2
2
2
2
2
2
2
2
2
2
2
2
2
2
2
2
3
3
3
3
3
4
4
4
4
4
4
4
4
4
4
4
4
4
4
4
5
5
5
5
5
5
5
5
6
6
6
7
7
7
7
7
7
7
8
8
8
8
9
10
10
10
10
11
11
12
13
13
13
14
14
14
15
15
15
15
15
16
16
16
16
16
16
16
16
17
17
17
17
17
18
18
18
19
20
20
20
21
21
22
23
23
23
23
24
24
25
25
26
26
26
28
29
29
30
30
30
30
30
32
32
33
34
34
34
35
35
37
38
40
41
44
44
46
46
48
49
49
50
51
52
52
53
53
54
55
55
57
61
62
62
62
62
63
66
67
69
70
71
71
71
74
75
77
78
79
80
80
83
83
86
92
94
98
100
100
104
104
104
105
107
109
117
120
120
121
121
123
127
132
141
143
150
156
166
169
181
182
185
188
190
193
200
200
201
206
206
209
220
222
223
223
241
241
244
252
257
266
280
281
284
313
315
346
364
365
410
440
456
517
534
616
634
658
671
745
797
959
1068
1127
1244
1371
1508
1589