1
2
2
2
2
3
4
4
4
4
6
7
7
7
7
8
9
9
9
10
11
12
13
13
14
14
14
16
16
16
16
16
17
17
17
18
19
20
20
20
21
21
22
23
23
24
24
24
25
25
26
26
26
26
27
28
28
28
29
29
29
30
31
32
32
33
34
35
35
35
36
37
37
38
40
40
40
42
42
44
45
46
47
47
49
49
50
51
52
52
52
52
53
53
53
54
55
56
56
57
58
58
59
59
59
59
62
62
62
64
65
65
66
66
67
67
68
69
69
70
71
73
73
74
75
76
76
76
77
77
78
80
81
81
81
82
83
83
83
83
83
84
90
90
91
92
93
93
94
96
97
100
100
101
102
103
104
104
105
108
108
109
112
113
113
113
117
118
123
124
124
125
126
129
129
131
131
133
135
140
142
143
145
150
150
153
159
159
160
160
160
162
163
164
166
166
167
167
168
170
174
175
177
179
181
182
182
182
183
187
191
194
197
197
198
199
200
201
201
201
202
202
203
214
216
216
219
219
221
227
227
233
234
234
236
237
242
243
247
252
253
254
259
260
261
261
262
264
264
267
270
271
272
272
274
275
275
278
279
279
284
285
294
296
298
303
303
303
305
305
307
307
317
319
330
335
336
341
344
344
347
349
352
355
358
361
361
361
361
367
371
373
373
373
373
374
377
378
379
379
381
381
390
403
409
409
413
414
415
418
419
420
421
421
422
423
423
426
427
431
432
438
441
445
447
448
449
453
460
464
465
467
479
480
483
487
489
490
501
501
506
508
508
509
509
510
510
513
516
520
520
523
546
566
582
586
586
590
590
595
604
605
608
625
629
630
641
641
645
663
664
665
669
670
678
679
690
693
693
709
711
716
724
725
729
732
737
744
745
757
760
767
776
787
788
791
792
793
801
802
804
810
811
816
816
817
817
818
820
821
824
826
827
831
837
840
844
866
870