0
0
0
0
0
0
0
0
0
0
0
0
0
0
0
0
0
0
0
0
0
0
0
0
0
0
0
0
0
0
0
0
0
0
0
0
0
0
0
0
0
0
0
0
0
0
0
0
0
0
0
0
0
0
0
0
0
0
0
0
0
0
0
0
0
0
0
0
0
0
0
0
0
0
0
0
0
0
0
0
0
0
0
0
0
0
0
0
0
0
0
0
0
0
0
0
0
0
0
0
0
0
0
0
0
0
0
0
0
0
0
0
0
0
0
0
0
0
0
0
0
0
0
0
0
0
0
0
0
0
1
1
1
1
1
1
1
1
1
1
1
1
1
1
1
1
1
1
1
1
1
1
1
1
1
2
2
2
2
2
2
2
2
2
2
2
2
3
3
3
3
3
3
3
4
4
4
4
4
4
4
5
5
5
5
5
5
5
5
5
5
6
6
6
6
7
7
8
8
8
9
9
9
9
9
9
9
9
9
10
10
10
11
11
12
12
12
12
13
13
14
14
14
15
16
17
17
17
19
19
20
20
20
21
21
21
22
22
22
22
23
24
24
24
25
26
29
30
30
31
34
36
36
36
38
39
39
40
40
40
42
42
45
45
50
50
52
53
54
55
57
60
65
66
67
69
70
72
76
79
80
82
82
83
83
84
85
86
88
89
90
93
95
95
96
97
98
101
105
109
111
112
115
120
123
124
124
129
133
142
144
144
150
156
163
174
174
174
180
190
190
197
200
201
214
228
230
234
244
248
249
255
273
285
286
298
302
305
307
319
319
369
370
409
530
549
551
574
626
660
744
757
1108
1217
1350
1862
2436