0
0
0
0
0
0
0
0
0
0
0
0
0
0
0
0
0
0
0
0
1
1
1
1
1
1
1
1
1
1
1
1
1
2
2
2
2
2
2
2
2
2
2
2
2
2
3
3
3
3
3
3
3
3
3
4
4
4
4
4
5
5
5
5
5
5
5
6
6
6
6
6
6
7
7
7
7
8
8
8
8
8
8
8
8
8
8
8
9
9
9
10
10
10
11
11
11
11
11
12
12
12
12
13
13
13
13
13
14
14
14
15
15
16
17
18
18
18
18
18
19
19
20
20
20
20
21
21
21
21
21
21
21
21
22
22
22
23
23
23
23
23
24
24
24
24
24
25
25
25
25
25
25
25
25
26
26
26
26
26
26
27
27
27
27
28
28
29
29
30
30
30
30
31
31
31
31
32
32
33
34
34
35
35
35
35
36
36
36
37
37
38
38
39
39
40
40
41
41
42
42
42
42
42
42
43
43
45
45
45
45
45
45
45
46
46
47
47
48
49
49
49
51
51
52
52
53
54
55
56
56
56
57
57
58
58
59
59
60
60
60
61
61
62
62
62
64
65
66
67
69
69
70
71
72
73
75
76
77
77
78
79
80
80
81
83
84
85
85
86
88
89
89
89
90
90
91
91
92
92
93
95
97
97
98
98
99
99
100
100
100
101
102
103
103
104
104
105
105
106
106
107
107
108
110
110
111
113
116
117
117
118
119
120
120
121
121
122
123
124
126
127
128
129
130
130
132
134
134
136
139
140
141
144
144
145
146
146
147
148
148
150
150
150
151
152
152
152
153
153
153
156
157
158
162
164
168
169
170
170
171
171
172
172
173
173
174
175
176
176
177
178
178
182
183
184
187
187
187
189
190
191
196
196
197
200
201
202
202
202
205
205
206
207
207
209
209
212
212
213
214
218
218
220
220
221
226
227
229
229
230
231
232
233
233
235
237
238
239
242
244
244
252
253
255
256
256
259
264
264
266
266
268
270
272
272
273
273
276
278
280
286
287
288
288
289
290
291
293
294
295
297
298
303
304
304
309
310
310
312
313
319
321
323
324
326
330
334
336
338
339
341
355
358
359
360
360
360
362
365
366
366
367
372
374
374
376
378
381
386
389
391
392
394
396
401
402
407
407
408
409
413
414
415
416
418
420
422
425
425
431
431
436
437
438
443
444
446
448
452
453
453
454
454
455
459
462
463
463
465
473
473
478
481
488
491
497
500
504
505
509
513
514
522
526
528
530
533
534
535
536
539
540
548
550
555
556
557
559
562
566
570
578
582
583
585
587
593
597
600
606
608
612
613
615
619
621
622
631
632
639
646
654
682
685
686
701
702
703
706
707
710
721
722
728
734
736
745
747
752
759
761
764
765
774
776
777
781
789
791
795
799
799
800
812
814
830
843
844
851
854
862
886
888
890
893
895
897
902
908
912
912
915
915
918
926
931
939
941
946
950
955
960
963
970
975
978
980
984
986
995
1012
1031
1032
1047
1048
1050
1055
1055
1064
1067
1070
1083
1105
1119
1156
1158
1165
1166
1168
1184
1191
1207
1208
1225
1243
1267
1282
1289
1329
1342
1350
1356
1364
1370
1378
1384
1386
1424
1424
1448
1453
1467
1483
1501
1505
1524
1545
1559
1566
1569
1593
1608
1611
1615
1632
1680
1681
1683
1707
1727
1755
1762
1786
1788
1872
1929
1936
1940
1956
2086
2088
2107
2108
2114
2182
2184
2193
2264
2288
2423
2446
2457
2477
2490
2534
2608
2609
2613
2621
2644
2653
2674
2681
2700
2880
2892
2907
2907
2990
3063
3075
3107
3161
3283
3290
3354
3512
3568
3624
3655
3659
3664
4018
4101
4123
4168
4246
4598
4784
5622
5904
6425
6687
6760
7528
8719
11841
24846