0
0
0
0
0
0
0
0
0
0
0
0
0
0
0
0
0
0
0
0
0
0
0
0
0
0
0
1
1
1
1
1
1
1
1
1
1
1
1
1
1
1
1
1
1
1
1
1
1
1
1
1
1
1
2
2
2
2
2
2
2
2
2
2
2
2
3
3
3
3
3
3
3
4
4
4
4
4
4
4
4
4
4
4
4
4
4
5
5
5
5
5
5
5
5
5
5
5
5
5
5
5
5
6
6
6
6
6
6
6
6
7
7
7
7
7
7
7
7
8
8
8
8
8
8
9
9
9
9
9
10
10
10
10
10
10
11
11
11
11
11
12
12
12
12
13
13
13
13
14
14
14
14
14
15
15
16
16
16
17
17
17
17
17
18
18
18
19
19
19
19
19
19
19
20
20
20
20
20
21
21
21
22
23
24
24
24
24
24
24
25
26
26
26
26
26
26
26
27
27
27
27
27
28
28
29
29
29
30
30
30
30
31
31
31
31
31
31
32
34
34
35
35
35
36
36
36
36
37
37
37
37
37
38
38
38
38
39
40
40
40
40
40
42
42
43
43
43
43
45
45
45
45
45
47
47
47
47
47
47
48
48
49
49
49
49
50
51
52
52
53
53
55
56
57
59
59
59
60
61
61
61
62
62
62
63
63
64
65
65
68
68
68
69
72
72
73
76
76
77
78
78
78
78
80
82
83
84
84
84
86
86
87
89
90
94
95
96
97
98
98
101
101
102
102
102
102
103
104
106
108
109
112
112
114
114
118
118
122
123
123
127
129
130
131
132
132
132
133
134
135
141
142
143
143
143
145
146
149
151
152
153
154
154
154
158
159
162
164
165
166
168
169
171
173
180
185
188
192
193
195
195
196
196
200
202
204
205
205
206
208
212
213
213
218
231
236
236
236
243
253
256
267
268
273
277
277
278
285
295
296
299
301
304
307
308
309
310
312
313
317
319
325
334
351
357
359
362
364
364
371
383
383
385
389
392
394
398
399
403
407
410
413
414
417
424
435
439
448
475
481
490
491
499
506
517
517
518
522
527
532
536
537
543
544
549
552
580
606
607
614
633
636
647
663
689
694
701
713
713
718
718
726
753
791
819
832
860
868
899
914
927
927
940
969
973
973
987
1006
1104
1106
1118
1126
1133
1164
1187
1213
1217
1242
1264
1277
1292
1333
1351
1384
1384
1398
1406
1455
1530
1539
1566
1604
1628
1723
1829
1864
1875
1891
1911
1923
2020
2462
2478
2541
2549
2620
2827
3235
3244
3318
3339
3460
3480
3877
3999
4147
4623
4736
4898
6275
6351
7656
16802
23912
39595
49801
95070
141539