records maximum minimum mean median
623 896.0 1.0 338.247191011236 287.0
419 870.0 1.0 268.926014319809 187.0

547 60.0 1.0 15.2577696526508 12.0
312 69.0 1.0 12.6057692307692 9.0

700 107000000.0 0.0 3156937.44 348500.0
524 39700000.0 0.0 1592195.78435115 9725.0

756 7.0 1.0 2.7526455026455 3.0
524 7.0 1.0 2.89885496183206 3.0

779 24846.0 0.0 623.595635430039 202.0
559 141539.0 0.0 1017.5366726297 61.0

779 96642168663.0 0.0 1743107885.54942 60868878.0
559 21378385940.0 0.0 633790885.711986 2488745.0

779 981.0 0.0 35.5905006418485 0.0
559 952.0 0.0 53.1806797853309 0.0

468 1589.0 0.0 64.1431623931624 2.0
357 2436.0 0.0 75.0756302521008 4.0

descriptionCharCount
keywordsCount
subscriberCount
topicCount
videoCount
viewCount
subscriptionCount
postCount