0
0
0
0
0
0
0
0
0
0
0
0
0
0
0
0
0
0
0
0
0
0
0
0
0
0
0
6
14
15
42
45
55
104
123
147
197
251
299
316
333
408
408
447
449
489
495
496
520
524
554
560
576
583
584
659
711
718
736
752
1041
1089
1140
1163
1271
1345
1362
1415
1514
1527
1627
1657
1850
1930
2060
2156
2432
2439
2744
2792
3112
3571
3730
3804
4173
4333
4753
4835
4928
5201
5987
6131
6343
6406
6483
6933
7147
7252
7644
8665
9183
9530
9626
10438
11822
12169
16504
17053
17103
17527
18905
19006
19424
19819
20464
21328
21815
21976
22192
22768
23889
23996
24283
24752
26957
27112
27413
28491
28532
29318
29333
29340
30268
30928
31612
32320
32362
32410
32449
32706
34286
35606
36388
36543
37870
37948
38113
40700
44390
46063
49101
50880
51831
53545
56986
58175
61109
61189
65843
69180
71247
72429
72503
73190
73434
77894
85770
87844
88422
95141
98772
100549
102323
104598
105523
106819
107725
110639
112100
119882
126142
133223
139696
143170
153841
154852
167348
185112
193190
193876
197720
198675
200039
210837
213259
216663
230993
238867
262060
271090
274351
276443
291257
292461
292671
293614
298188
305063
314553
331255
376287
377079
380715
384700
390826
406301
413593
417176
441802
462836
469065
472494
485766
486757
508971
527185
532096
536584
559978
566698
569454
572856
580747
592408
597022
621808
705815
874158
874386
901292
901761
938804
984760
1002802
1095572
1112295
1122160
1137609
1222646
1235485
1248286
1272272
1289857
1323778
1335292
1398851
1456468
1486694
1527967
1551361
1608948
1639152
1689637
1703006
1736168
1770527
1808286
1846939
1896762
1972424
2077612
2085365
2115472
2118487
2184827
2215941
2254886
2331279
2383972
2488745
2532954
2569646
2631131
2906998
2982176
3141348
3141414
3284027
3317998
3480905
3524728
3743466
3806534
3806869
3837278
4105706
4193741
4339175
4390467
4392772
4509979
4650184
4729567
4786954
4823251
5119816
5169473
5282069
5293422
5587811
5640122
5832164
5873729
5949269
6315710
6373847
6872612
7105744
7673696
7892089
7903355
8135970
8321968
8833519
8902309
9059989
9089105
9441684
9672018
9970062
9991842
11279206
11331207
12400953
12417371
12714629
13096669
13308723
13902910
14287778
14450280
14488454
15367737
15509246
17227259
18637430
19051655
21489382
23622923
23715479
23819899
25032972
25663270
25806136
26113103
27120040
27759403
29065527
30051314
31176580
32758866
33686710
34700034
34868316
34917235
37347403
38214712
38731703
39728467
40114330
40611170
41035855
41211684
42045971
47991548
51464228
51614014
52702416
53829538
56050460
58727464
62224110
65805162
66955123
67582068
70337062
71315605
74649896
76863208
76966426
79126262
80871474
81171139
82250924
85908875
88586062
90146950
91282618
91452578
95291760
96402046
98532186
99724836
103283166
111138298
113089666
121216858
122675997
124712864
125538339
128539427
128924305
132545170
135207926
135534835
150526094
155049559
157159999
166181309
168390955
169725977
174698710
175363768
180602400
184906597
192522072
192789195
195142375
198877596
210906052
219699083
222130707
222315548
229438606
229702027
230565528
258995282
270692632
271407099
298105097
298309922
316159652
322702512
339896750
348445252
349749134
351970615
352105503
367545767
370874994
373747158
383425180
390319757
392880530
418114420
428445331
430939964
433774286
437415733
438371859
448791147
478026578
479318170
485520189
494156435
499930035
506160197
528850836
536409480
543038709
583844153
616411437
617696694
649303236
668271433
691356876
693286009
697448611
705955306
708319586
718596656
724623923
731813797
735056665
762862323
781313770
816958601
862502050
877489684
926278549
935786973
982302985
998733532
1027582762
1048894284
1065873667
1155252667
1160311228
1167309902
1181251305
1293424909
1343056052
1418490317
1426500051
1450481100
1473372734
1648954785
1695011270
1729087613
1732911951
1744799470
1755739717
1833463924
1911100169
1933366124
1976111960
2019747579
2066526775
2100803298
2105128182
2322311785
2654521460
2717586600
2782656261
2922791998
2938843900
2971762170
3016147159
3084874075
3117365777
3271922820
3451663002
3545266624
3763001089
4133302050
4150413390
4205084934
4322831943
4459316561
4479054605
4621307498
6100600758
6391930961
6466299925
7168042215
7673725552
8009568388
8044693313
9124855071
9827887542
11288079828
11375972315
11715400692
11936104372
13640963132
13953209923
15309782219
19205105925
21378385940